578
555
520
512
525
574
607
659
686
710
709
698
683
670
666
668
670
663
656
659
677
688
692
695
706
718
725
732
732
746
769
797
794
782
773
780
781
777
777
780
783
784
789
811
829
853
870
889
901
890
876
870
875
881
857
834
825
847
888
915
930
929
931
936
944
962
979
993
1007
1018
1014
987
959
941
930
926
967
1014
1056
1059
1061
1058
1054
1053
1057
1059
1062
1071
1077
1066
1033
997
971
936
891
841
820
818
831
837
839
827
821
790
766
741
750
761
756
768
776
815
829
845
847
854
862
867
867
875
888
899
901
902
900
924
946
978
986
974
954
929
915
895
903
924
946
926
909
905
939
966
988
976
964
969
987
979
957
918
905
889
892
895
900
885
885
867
861
847
845
843
823
820
823
825
808
803
816
837
862
879
896
894
892
888
877
864
851
848
863
889
916
905
877
848
841
843
837
804
766
736
729
721
717
727
743
749
743
737
740
747
760
782
801
811
816
825
836
856
875
894
898
915
938
960
971
977
976
973
961
954
924
911
930
981
1023
1035
1049
1063
1077
1080
1095
1115
1132
1137
1134
1138
1142
1149
1155
1161
1173
1193
1213
1227
1220
1216
1206
1209
1207
1231
1271
1318
1334
1320
1282
1257
1263
1281
1311
1325
1367
1399
1429
1421
1414
1396
1388
1381
1386
1396
1398
1397
1404
1413
1417
1415
1420
1431
1461
1482
1500
1501
1494
1480
1476
1476
1496
1504
1505
1498
1493
1514
1533
1555
1560
1560
1548
1538
1543
1549
1562
1564
1567
1562
1555
1562
1569
1588
1571
1557
1547
1553
1564
1562
1589
1606
1622
1626
1647
1684
1728
1760
1776
1781
1786
1791
1776
1754
1732
1737
1747
1769
1782
1800
1802
1805
1805
1809
1802
1799
1816
1822
1826
1812
1832
1846
1860
1858
1860
1856
1852
1846
1857
1872
1885
1892
1896
1898
1913
1942
1978
1997
2004
2021
2014
2021
2018
2025
2025
2022
2045
2061
2067
2072
2070
2090
2111
2141
2164
2199
2230
2256
2249
2238
2224
2243
2282
2351
2391
2414
2394
2376
2374
2400
2431
2427
2409
2383
2384
2390
2397
2402
2390
2390
2391
2408
2421
2431
2431
2422
2412
2398
2391
2373
2367
2368
2373
2380
2394
2412
2420
2427
2442
2467
2473
2472
2488
2499
2524
2526
2537
2517
2485
2451
2429
2413
2399
2395
2409
2438
2474
2502
2511
2506
2481
2459
2443
2447
2460
2469
2482
2486
2489
2491
2492
2480
2479
2474
2485
2484
2489
2497
2503
2508
2512
2510
2504
2497
2496
2498
2500
2508
2543
2590
2636
2651
2642
2649
2657
2681
2686
2692
2693
2690
2682
2674
2671
2662
2673
2671
2680
2670
2674
2684
2720
2754
2782
2773
2782
2790
2803
2795
2795
2803
2811
2812
2808
2815
2807
2802
2784
2783
2786
2795
2827
2855
2867
2863
2863
2876
2877
2884
2897
2919
2928
2935
2951
2970
2964
2948
2949
2975
3006
3030
3068
3065
3053
3012
3005
3004
3011
3020
3022
3029
3031
3045
3033
3023
2998
3000
3011
3022
3017
3030
3048
3073
3071
3081
3102
3124
3129
3168
3199
3228
3215
3209
3205
3204
3203
3205
3195
3181
3164
3145
3130
3141
3166
3191
3190
3188
3192
3182
3155
3143
3144
3165
3159
3145
3128
3114
3104
3077
3074
3079
3104
3120
3129
3131
3136
3154
3212
3255
3284
3280
3274
3273
3274
3285
3321
3352
3375
3409
3444
3481
3482
3468
3442
3418
3406
3404
3408
3418
3426
3407
3367
3324
3302
3296
3293
3300
3308
3315
3319
3364
3399
3428
3397
3347
3298
3268
3255
3243
3237
3247
3250
3243
3246
3250
3262
3257
3253
3253
3261
3272
3260
3247
3236
3241
3246
3249
3255
3258
3249
3257
3284
3317
3333
3330
3339
3347
3363
3362
3354
3357
3364
3384
3390
3400
3397
3403
3399
3392
3368
3351
3335
3315
3316
3326
3343
3348
3349
3350
3344
3340
3346
3357
3372
3377
3384
3391
3394
3394
3397
3407
3419
3427
3434
3426
3418
3414
3419
3423
3425
3427
3427
3421
3423
3423
3428
3412
3375
3344
3312
3309
3297
3300
3285
3256
3215
3186
3171
3160
3143
3123
3107
3099
3101
3113
3127
3124
3132
3135
3150
3153
3146
3139
3131
3123
3111
3081
3067
3055
3049
3040
3030
3030
3026
3027
3028
3043
3077
3109
3131
3135
3122
3106
3087
3111
3131
3171
3200
3234
3257
3295
3356
3408
3432
3435
3451
3471
3497
3506
3519
3528
3539
3542
3547
3565
3583
3587
3584
3612
3645
3672
3669
3683
3696
3714
3731
3752
3773
3779
3782
3789
3798
3803
3804
3807
3813
3815
3830
3864
3882
3882
3872
3872
3877
3879
3888
3897
3897
3924
3943
3988
4007
4032
4015
3997
3966
3959
3945
3931
3917
3899
3898
3921
3950
3994
4010
4023
4010
3997
3982
3983
4003
4028
4046
4047
4040
4044
4046
4058
4059
4063
4071
4074
4102
4130
4170
4186
4196
4208
4218
4234
4256
4278
4297
4287
4278
4229
4186
4150
4150
4150
4146
4172
4216
4254
4266
4273
4282
4293
4297
4299
4288
4242
4200
4169
4169
4167
4185
4205
4227
4225
4230
4238
4254
4264
4272
4268
4268
4265
4269
4291
4313
4331
4350
4364
4385
4390
4401
4413
4418
4410
4396
4381
4388
4393
4386
4370
4365
4388
4412
4426
4428
4421
4415
4406
4412
4427
4467
4496
4513
4487
4464
4446
4442
4448
4481
4509
4535
4523
4521
4494
4495
4505
4533
4540
4531
4522
4523
4540
4597
4646
4692
4697
4693
4683
4654
4610
4569
4554
4563
4571
4572
4565
4556
4548
4542
4515
4466
4423
4409
4414
4421
4425
4429
4431
4456
4508
4568
4625
4666
4711
4751
4782
4803
4808
4832
4859
4874
4858
4812
4791
4772
4781
4772
4774
4739
4703
4668
4646
4611
4583
4569
4570
4568
4584
4607
4619
4620
4588
4553
4538
4551
4576
4585
4591
4591
4595
4602
4584
4560
4559
4583
4597
4578
4558
4534
4520
4511
4488
4467
4441
4448
4454
4460
4451
4456
4459
4459
4444
4428
4423
4418
4417
4409
4402
4397
4401
4404
4407
4424
4438
4453
4443
4440
4436
4426
4420
4416
4429
4434
4435
4428
4419
4443
4490
4554
4549
4527
4483
4486
4494
4519
4535
4548
4573
4595
4615
4616
4606
4591
4576
4576
4583
4580
4549
4523
4492
4486
4480
4474
4497
4510
4538
4534
4527
4510
4490
4480
4500
4528
4552
4554
4556
4561
4565
4585
4607
4627
4632
4632
4606
4577
4564
4577
4587
4592
4595
4607
4636
4681
4720
4693
4656
4609
4599
4593
4615
4641
4663
4677
4700
4731
4779
4828
4856
4867
4868
4878
4880
4892
4910
4926
4932
4940
4915
4880
4814
4788
4765
4767
4764
4763
4760
4783
4808
4845
4877
4900
4916
4901
4892
4881
4872
4868
4863
4864
4866
4868
4869
4862
4836
4833
4837
4866
4875
4882
4860
4836
4814
4819
4832
4838
4846
4850
4859
4866
4869
4872
4869
4864
4861
4858
4861
4865
4877
4887
4897
4897
4897
4906
4923
4940
4948
4953
4946
4955
4974
5028
5062
5089
5081
5098
5127
5165
5179
5202
5226
5252
5259
5287
5307
5323
5349
5401
5430
5430
5414
5415
5406
5372
5343
5331
5331
5325
5312
5310
5313
5318
5325
5330
5337
5349
5360
5370
5370
5368
5364
5369
5376
5391
5400
5414
5422
5430
5459
5486
5503
5494
5486
5488
5491
5503
5523
5546
5554
5541
5527
5517
5520
5523
5522
5521
5513
5496
5479
5467
5466
5489
5518
5552
5559
5567
5570
5563
5552
5544
5580
5617
5661
5671
5689
5691
5674
5643
5624
5627
5627
5620
5617
5621
5628
5629
5626
5620
5625
5627
5644
5642
5644
5626
5618
5615
5624
5626
5624
5627
5638
5649
5659
5680
5708
5728
5734
5749
5767
5804
5827
5847
5848
5844
5843
5844
5860
5870
5877
5895
5916
5938
5922
5904
5889
5899
5915
5926
5919
5906
5895
5886
5879
5874
5877
5910
5948
5963
5958
5946
5953
5946
5939
5940
5950
5968
5961
5963
5963
5989
6002
6007
6003
5999
5990
5998
6005
6021
6025
6026
6028
6021
6017
6007
6006
6008
6008
6021
6036
6054
6040
6009
5984
5970
5970
5959
5964
5965
5976
5978
5982
5985
5980
5969
5962
5961
5964
5973
5975
5977
5970
5968
5972
5969
5981
6004
6040
6061
6074
6075
6073
6053
6036
6018
6018
6018
6026
6010
5992
5966
5955
5955
5963
5971
5970
5949
5921
5893
5886
5889
5897
5902
5925
5950
5977
6005
6026
6049
6050
6058
6067
6080
6077
6071
6063
6051
6040
6009
5996
5982
5986
5981
5976
5963
5959
5962
5971
5975
5986
5998
6012
6007
6012
6010
6004
5985
5975
5987
5995
5989
5965
5951
5951
5946
5937
5909
5894
5887
5899
5935
5979
6017
6028
6023
6013
5996
5987
5985
5982
5969
5963
5963
5976
5982
5959
5927
5891
5884
5847
5817
5789
5796
5795
5792
5787
5800
5801
5803
5776
5761
5717
5688
5670
5680
5680
5669
5668
5681
5706
5728
5750
5751
5736
5720
5706
5715
5735
5768
5793
5812
5828
5856
5891
5926
5944
5947
5951
5967
5977
5983
5990
6004
6021
6023
6022
6026
6025
6029
6027
6022
6020
6027
6040
6063
6074
6088
6093
6101
6104
6100
6101
6112
6123
6126
6120
6118
6109
6091
6094
6107
6148
6168
6168
6148
6128
6128
6158
6190
6227
6227
6229
6227
6236
6215
6183
6149
6153
6165
6180
6182
6205
6228
6251
6248
6254
6249
6249
6240
6231
6225
6218
6225
6238
6258
6292
6335
6366
6390
6399
6418
6424
6426
6440
6459
6468
6468
6475
6495
6502
6488
6487
6492
6501
6511
6527
6546
6557
6564
6586
6603
6629
6646
6659
6677
6703
6732
6741
6739
6760
6776
6794
6792
6801
6806
6809
6838
6875
6915
6924
6922
6918
6916
6921
6917
6911
6924
6933
6944
6937
6946
6953
6960
6966
6974
6981
6982
6966
6953
6940
6946
6958
6970
6973
6967
6960
6951
6934
6921
6924
6938
6951
6958
6947
6914
6882
6865
6873
6877
6881
6878
6875
6898
6929
6962
6974
7002
7035
7067
7093
7112
7130
7107
7079
7039
7026
7010
7003
6993
6979
6940
6906
6890
6886
6871
6850
6854
6869
6884
6893
6904
6946
6971
7008
7002
7016
7016
7020
7024
7024
7037
7044
7051
7043
7022
7003
6990
6975
6977
6985
7005
7014
7023
7036
7038
7047
7036
7030
7009
7001
7002
7007
7024
7029
7043
7048
7047
7046
7045
7057
7078
7097
7125
7137
7139
7137
7129
7133
7104
7089
7079
7070
7056
7055
7082
7114
7111
7094
7077
7071
7074
7071
7030
6997
6949
6945
6933
6914
6899
6882
6898
6906
6914
6915
6920
6916
6927
6940
6966
6974
6978
6972
6967
6960
6961
6961
6963
6966
6962
6966
6969
6963
6951
6941
6946
6971
7004
7034
7047
7050
7036
7025
7038
7062
7084
7091
7109
7123
7143
7163
7186
7201
7202
7194
7181
7186
7201
7206
7214
7229
7253
7244
7221
7197
7190
7184
7175
7164
7153
7142
7141
7150
7158
7166
7167
7173
7178
7184
7189
7194
7193
7189
7182
7186
7188
7193
7218
7238
7283
7301
7330
7330
7332
7321
7318
7313
7327
7335
7346
7340
7339
7339
7349
7356
7368
7376
7384
7387
7377
7376
7374
7389
7395
7399
7404
7415
7420
7419
7413
7416
7422
7427
7439
7453
7468
7470
7496
7538
7579
7596
7594
7596
7601
7609
7613
7609
7602
7594
7597
7600
7589
7573
7557
7556
7584
7614
7617
7590
7564
7590
7607
7627
7633
7656
7692
7721
7724
7712
7700
7706
7708
7716
7732
7750
7757
7772
7757
7752
7744
7758
7785
7796
7816
7810
7805
7801
7804
7826
7846
7866
7867
7868
7879
7903
7929
7972
8004
8034
7997
7961
7922
7930
7937
7936
7921
7908
7904
7913
7921
7929
7931
7923
7921
7919
7931
7937
7941
7951
